words, count
appointment,6
